65
61
61
61
62
558
559
559
558
559
56
57
57
57
58
556
555
555
556
556
53
53
54
53
54
550
551
551
551
551
49
49
50
50
49
547
548
549
549
549
47
46
48
47
47
546
547
546
547
547
46
46
46
46
46
544
544
543
543
542
43
43
42
41
43
540
540
541
542
543
40
40
41
41
42
539
539
540
540
541
39
39
37
38
39
536
536
536
538
538
35
35
37
36
37
533
535
536
535
533
33
33
33
33
34
533
532
531
531
533
31
30
30
31
32
531
529
531
532
533
29
29
30
31
30
528
528
530
528
529
27
29
27
28
30
528
526
527
529
529
15
998
991
988
986
494
488
485
485
483
987
978
977
930
931
429
429
427
428
437
926
925
925
934
942
422
422
432
440
440
922
930
938
937
935
428
436
436
433
464
933
934
931
965
922
432
430
463
420
419
928
961
919
917
916
459
417
415
415
415
915
915
913
913
912
412
410
410
410
424
909
907
908
923
920
406
405
420
418
421
903
919
917
919
910
415
413
416
409
449
911
915
906
944
875
411
402
441
372
362
901
939
870
860
859
437
367
357
357
357
Total Messages sent: 250
Sum of Message Time: 114275.0
Average Message Receive time: 0.46 seconds
