9705
9700
9698
9698
9699
9202
9195
9196
9195
9198
8694
8692
8697
8692
8692
8189
8192
8206
8192
8190
7691
7690
7689
7687
7687
7185
7186
7183
7186
7186
6684
6683
6684
6685
6686
6181
6183
6184
6184
6182
5681
5682
5682
5681
5683
5180
5182
5179
5183
5181
4678
4679
4681
4681
4681
4176
4148
4115
4109
4099
3596
3597
3597
3598
3594
3092
3092
3093
3091
3094
2590
2591
2590
2591
2590
2090
2088
2089
2088
2089
1587
1587
1586
1586
1586
1085
1084
1083
1083
1083
580
580
580
580
582
79
79
79
81
83
9578
9578
9580
9582
9583
9077
9078
9079
9082
9083
8575
8577
8578
8577
8578
8075
8076
8075
8089
8079
7575
7573
7574
7577
7576
7072
7073
7076
7074
7075
6575
6574
6571
6573
6574
6072
6069
6070
6071
6072
5567
5568
5568
5571
5569
5067
5066
5067
5066
5066
4565
4565
4565
4564
4565
4064
4063
4062
4063
4066
3561
3560
3561
3563
3561
3058
3060
3062
3061
3060
2558
2560
2557
2559
2558
2057
2056
2056
2055
2055
1553
1553
1553
1553
1554
1051
1051
1051
1052
1055
550
550
553
552
563
49
50
50
62
53
9548
9552
9561
9551
9564
9047
9060
9050
9050
9049
8557
8548
8549
8550
8558
8048
8046
8047
8057
8050
7542
7546
7556
7547
7546
7042
7051
7044
7044
7043
6551
6542
6543
6542
6548
6042
6041
6041
6048
6045
5540
5541
5546
5543
5542
5039
5045
5041
5039
5040
4544
4541
4538
4538
4540
4039
4037
4037
4038
4037
3535
3534
3534
3534
3535
3031
3031
3031
3032
3030
2529
2528
2530
2529
2530
2027
2030
2026
2028
2027
1526
1523
1526
1525
1523
1022
1022
1023
1021
1024
521
521
520
522
522
18
13
18
14
14
9511
9513
9512
9513
9517
9010
9010
9010
9015
9009
8506
8507
8513
8509
8507
8006
8011
8006
8005
8008
7509
7503
7503
7505
7503
7002
7001
7002
7002
7007
6499
6501
6502
6503
6515
5998
5996
5999
6013
6009
5493
5498
5511
5508
5524
4997
5009
5008
5021
5026
4508
4504
4520
4524
4492
4002
4023
4022
3992
3996
3519
3520
3491
3494
3488
3016
2981
2987
2981
2990
2478
2485
2479
2486
2476
1963
1957
1963
1953
1956
1453
1461
1453
1456
1468
960
951
952
963
957
449
450
463
454
452
9948
9959
9952
9951
9950
9457
9451
9448
9448
9459
8948
8946
8945
8941
8943
8442
8440
8437
8439
8438
7936
7934
7937
7935
7934
7431
7434
7431
7431
7429
6923
6924
6924
6925
6923
6418
6420
6420
6419
6419
5917
5917
5916
5916
5915
5414
5413
5413
5412
5408
4905
4904
4903
4905
4919
4402
4401
4404
4418
4419
3900
3900
3915
3916
3903
3398
3411
3413
3399
3401
2908
2911
2896
2899
2896
2408
2393
2394
2393
2394
1891
1890
1895
1892
1891
1389
1388
1391
1389
1392
885
886
885
890
902
386
384
388
399
428
9881
9885
9898
9925
9897
9382
9394
9423
9394
9380
8891
8919
8892
8877
8878
8415
8389
8374
8376
8374
7886
7871
7873
7870
7871
7369
7369
7367
7369
7367
6868
6866
6865
6863
6867
6363
6364
6360
6363
6362
5862
5858
5879
5859
5862
5356
5357
5356
5360
5356
4855
4854
4857
4852
4854
4352
4355
4350
4352
4352
3851
3852
3848
3849
3853
3345
3347
3346
3345
3346
2842
2843
2843
2842
2845
2338
2337
2336
2340
2334
1834
1831
1836
1828
1834
1328
1332
1326
1333
1330
829
822
829
826
826
319
328
325
322
323
9824
9821
9821
9820
9820
9318
9314
9313
9312
9315
8812
8810
8812
8811
8825
8307
8307
8309
8322
8313
7805
7806
7819
7806
7805
7303
7314
7303
7300
7301
6811
6797
6796
6797
6802
6296
6294
6294
6301
6295
5790
5792
5797
5793
5791
5288
5293
5290
5288
5289
4791
4789
4785
4787
4789
4283
4283
4287
4590
4286
3780
3782
3785
3786
3781
3278
3280
3281
3278
3279
2778
2779
2775
2776
2774
2277
2272
2273
2273
2278
1769
1770
1769
1776
1771
1267
1266
1272
1269
1280
764
769
765
784
759
259
253
265
253
252
9751
9761
9751
9751
9753
9259
9248
9247
9249
9248
8745
8744
8745
8745
8764
8241
8243
8242
8262
8246
7740
7739
7759
7742
7745
7236
7256
7240
7239
7237
6752
6737
6737
6735
6729
6234
6234
6232
6227
6228
5732
5731
5725
5726
5720
5223
5218
5220
5217
5218
4715
4717
4714
4716
4717
4214
4211
4212
4213
4217
3710
3707
3711
3714
3713
3208
3208
3211
3209
3210
2705
2709
2705
2706
2713
2205
2203
2203
2209
2204
1698
1701
1707
1702
2001
1198
1205
1198
1196
1197
699
696
693
694
699
193
191
191
196
187
9686
9688
9693
9684
9688
9184
9189
9183
9479
9482
8687
8682
8683
8680
8681
8174
8178
8179
8178
8180
7675
7675
7674
7676
7674
7172
7171
7173
7170
7172
6670
6672
6668
6665
6671
6169
6166
6163
6168
6242
5663
5655
5659
5735
5658
5151
5159
5231
5153
5151
4654
4727
4649
4646
4645
4223
4146
4144
4142
4148
3643
3638
3637
3642
3635
3134
3132
3137
3131
3130
2628
2633
2629
2626
2627
2128
2125
2121
2122
2122
1621
1618
1618
1616
1639
1111
1113
1112
1132
1116
607
608
626
611
610
102
122
104
102
109
9618
9602
9597
9604
9607
9096
9093
9100
9102
9094
8588
8594
8597
8589
8589
8089
8092
8086
8084
8082
7587
7580
7578
7576
7577
7077
7074
7071
7074
7072
6570
6567
6567
6566
6564
6062
6062
6062
6062
6058
5558
5556
5554
5553
5553
5053
5049
5050
5046
5050
4547
4543
4542
4544
4602
4039
4037
4039
4098
4035
3531
3535
3593
3530
3531
3029
3091
3024
3025
3025
2581
2519
2520
2520
2522
2014
2015
2016
2027
2012
1506
1505
1509
1507
1504
1001
1003
1002
998
1003
499
497
494
498
505
9
9992
9990
9993
9999
9484
9488
9495
9504
9490
8983
8989
8999
8985
8979
8481
8491
8480
8477
8476
7986
7972
7970
7970
7970
7468
7466
7467
7465
7461
6960
6961
6959
6956
6958
6456
6454
6451
6453
6448
5949
5944
5945
5941
5940
5438
5440
5436
5434
5441
4934
4930
4928
4935
4930
4424
4422
4428
4421
4421
3915
3923
3917
3915
3911
3418
3411
3412
3407
3411
2906
2905
2901
2904
2912
2399
2395
2398
2407
2387
1888
1892
1900
1882
1894
1387
1395
1378
1387
1381
902
871
882
872
883
365
367
378
363
674
9870
9863
9873
9859
9863
9357
9365
9352
9358
9354
8859
8845
8849
8848
8846
8339
8343
8340
8339
8341
7844
7835
7834
7834
7837
7327
7327
7327
7330
7330
6819
6831
6824
6823
6820
6314
6317
6317
6314
6317
5810
5812
5806
5810
5815
5302
5299
5304
5307
5291
4791
4795
4800
4782
4782
4289
4293
4276
4276
4283
3786
3768
3766
3774
3770
3262
3261
3267
3262
3261
2754
2759
2756
2754
2755
2252
2247
2246
2247
2246
1740
1738
1740
1739
1731
1232
1233
1231
1222
1226
725
725
716
718
737
215
204
205
227
213
9698
9702
9719
9706
9704
9194
9212
9198
9198
9190
8706
8690
8690
8683
8693
8184
8184
8175
8186
8191
7676
7668
7678
7683
7676
7161
7170
7176
7169
7156
6661
6667
6660
6647
6659
6159
6152
6140
6157
6137
5643
5631
5644
5628
5626
5122
5134
5120
5118
5118
4627
4612
4610
4609
4631
4106
4102
4101
4123
4121
3594
3592
3612
3615
3606
3085
3104
3104
3099
3081
2594
2593
2587
2571
2563
2084
2080
2063
2054
2055
1570
1554
1544
1545
1541
1045
1035
1035
1035
1033
526
527
526
524
522
19
17
14
12
13
9509
9504
9507
9504
9508
8994
8994
8994
9002
8987
8492
8487
8493
8478
8484
7975
7983
7968
7974
7973
7468
7457
7466
7462
7463
6949
6956
6953
6953
6947
6446
6443
6443
6437
6467
5932
5932
5927
5957
5948
5423
5418
5449
5438
5448
4908
4938
4929
4937
4942
4428
4418
4427
4432
4400
3908
3919
3922
3890
3872
3408
3412
3379
3362
3362
2899
2870
2852
2852
2846
2359
2340
2341
2330
2337
1830
1830
1823
1828
1823
1320
1312
1315
1312
1316
798
805
802
803
834
294
291
294
326
285
9780
9781
9813
9769
9775
9269
9303
9258
9263
9278
8790
8752
8766
9044
8745
8235
8240
8252
8233
8231
7727
7743
7721
7720
7719
7232
7212
7208
7208
7206
6697
6696
6693
6690
6696
6184
6183
6180
6183
6169
5669
5667
5671
5657
5658
5158
5157
5146
5148
5158
4647
4635
4641
4647
4643
4124
4127
4136
4132
4142
3616
3628
3620
3632
3599
3115
3109
3118
3089
3088
2595
2608
2576
2575
2568
2097
2063
2063
2054
2057
1554
1551
1548
1545
1549
1040
1032
1032
1036
1035
518
522
524
520
519
6
9
8
6
19
9496
9492
9488
9500
9529
8977
8973
8987
9015
8965
8460
8473
8502
8452
8449
7962
7989
7940
7937
7953
7477
7426
7424
7441
7422
6914
6909
6928
6909
6904
6397
6414
6395
6390
6386
5901
5881
5878
5873
5881
5369
5365
5359
5367
5359
4851
4845
4854
4845
4838
4332
4341
4335
4326
4318
3828
3821
3812
3805
3809
3308
3299
3293
3296
3292
2785
2778
2783
2779
2779
2266
2270
2266
2266
2257
1759
1755
1753
1743
1744
1242
1241
1229
1230
1227
725
714
714
711
731
199
200
195
215
183
9682
9681
9703
9670
9669
9167
9187
9154
9154
9167
8672
8639
8641
8655
8636
8124
8124
8138
8122
8132
7607
7622
7605
7618
7593
7106
7090
7102
7079
7086
6575
6587
6564
6569
6567
6070
6049
6053
6060
6048
5533
5537
5540
5531
5542
5022
5025
5017
5026
5008
4510
4501
4510
4494
4484
3986
3995
3978
3968
3990
3479
3463
3452
3472
3453
2947
2936
2954
2937
2890
2379
2399
2378
2375
2375
1883
1863
1860
1856
1854
1347
1344
1341
1338
1334
827
825
823
818
809
310
306
302
293
288
9791
9787
9777
9771
9776
9271
9261
9254
9258
9260
8744
8737
8743
8743
8736
8223
8225
8227
8222
8213
7710
7711
7705
7697
7709
7194
7189
7178
7194
7186
6671
6661
6674
6668
6673
6145
6157
6148
6155
6146
5640
5635
5637
5629
5624
5116
5118
5110
5107
5125
4601
4593
4588
4608
4586
4075
4072
4091
4065
4058
3558
3571
3550
3541
3534
3052
3033
3018
3015
3011
2514
2504
2494
2490
2493
1983
1976
1970
1975
1998
1459
1452
1458
1479
1444
937
940
961
927
925
422
464
408
407
421
9925
9889
9887
9900
9882
9367
9363
9380
9365
9361
8846
8861
8833
8835
8825
8335
8315
8316
8305
8306
7796
7797
7785
7786
7773
7278
7265
7267
7253
7258
6746
6748
6735
6740
6742
6229
6216
6221
6226
6217
5695
5701
5705
5697
5678
5179
5182
5176
5157
5154
4667
4658
4639
4636
4754
4135
4118
4116
4232
4147
3597
3593
3712
3625
3597
3075
3191
3104
3075
3064
2671
2585
2556
2541
2540
2060
2032
2020
2019
2000
1513
1498
1498
1477
1474
976
978
958
955
948
457
438
434
428
422
9918
9915
9909
9902
9913
9394
9389
9383
9393
9395
8867
8861
8872
8876
8849
8340
8352
8354
8326
8357
7826
7834
7806
7837
7822
7308
7276
7307
7293
7261
6752
6783
6768
6739
6740
6261
6245
6219
6218
6218
5724
5702
5687
5690
5683
5167
5166
5166
5162
5168
4630
4632
4625
4630
4611
4111
4103
4087
4086
4405
3582
3587
3567
3564
3563
3065
3044
3041
3039
3026
2522
2519
2516
2504
2568
1996
1994
1982
2039
2002
1473
1459
1516
1477
1442
937
993
955
920
934
471
431
395
411
398
9909
9874
9886
9874
9872
9348
9363
9346
9346
9332
8834
8822
8823
8809
8801
8298
8295
8285
8278
8279
7771
7759
7753
7755
7767
7235
7229
7230
7244
7241
6706
6707
6724
6718
6677
6184
6197
6195
6155
6193
5676
5670
5627
5670
5636
5145
5107
5143
5113
5094
4581
4620
4588
4571
4567
4097
4064
4047
4042
4036
3541
3521
3516
3510
3506
2995
2991
2986
2986
2973
2469
2461
2436
2426
2421
1910
1911
1899
1893
1898
1382
1373
1368
1370
1361
846
841
846
837
856
315
321
313
330
312
9795
9785
9804
9787
9786
9259
9280
9261
9256
9227
8752
8733
8729
8702
8716
8205
8201
8171
8185
8156
7673
7642
7656
7632
7622
7114
7128
7103
7094
7096
6601
6575
6569
6570
6558
6050
6043
6043
6030
6025
5516
5516
5505
5495
5495
4988
4974
4965
4968
4931
4418
4410
4411
4398
4395
3876
3877
3878
3869
3894
3349
3343
3340
3336
3341
2812
2811
2808
2811
2793
2283
2280
2284
2266
2248
1753
1755
1738
1723
1719
1229
1209
1194
1191
1180
681
666
661
652
650
138
137
121
117
115
9604
9592
9591
9588
9580
9065
9059
9056
9050
9035
8528
8530
8521
8512
8502
7997
7987
7973
7971
7965
7460
7446
7440
7434
7425
6911
6909
6904
6898
6917
6381
6375
6364
6384
6361
5841
5832
5845
5819
5809
5292
5315
5291
5277
5273
4783
4758
4746
4742
4734
4225
4218
4209
4203
4208
3680
3674
3667
3673
3657
3142
3136
3140
3128
3114
2604
2608
2590
2578
2582
2073
2058
2046
2049
2038
1527
1513
1516
1506
1489
984
982
971
958
943
450
438
422
409
465
9903
9888
9874
9932
9880
9353
9340
9398
9347
9328
8804
8861
8808
8792
8790
8328
8275
8259
8257
8215
7722
7705
7708
7685
7705
7172
7170
7153
7171
7143
6638
6614
6634
6606
6611
6082
6100
6073
6081
6057
5569
5540
5544
5522
5512
5006
5010
4987
4977
4974
4475
4455
4444
4439
4446
3921
3910
3903
3951
3896
3374
3370
3377
3360
3351
2831
2840
2826
2818
2802
2306
2290
2282
2269
2254
1753
1746
1730
1715
1776
1206
1193
1179
1244
1260
656
643
705
725
693
106
170
188
154
75
9625
9648
9616
9533
9525
9109
9079
8996
8987
8996
8542
8461
8454
8470
8434
7923
7910
7926
7892
7891
7366
7384
7352
7354
7325
6849
6817
6818
6789
6783
6280
6283
6252
6263
6542
5745
5715
5709
5722
5704
5179
5173
5189
5168
5153
4639
4654
4630
4617
4619
4116
4077
4063
4064
4059
3539
3525
3527
3521
3525
2988
2990
2983
2986
2969
2450
2445
2450
2430
2407
1908
1911
1891
1865
1867
1364
1349
1324
1329
1306
810
789
787
765
744
245
248
226
204
213
9711
9684
9662
9675
9651
9146
9125
9133
9111
9119
8588
8594
8575
8577
8575
8053
8035
8037
8040
8020
7494
7497
7494
7478
7456
6956
6951
6933
6912
6926
6408
6396
6371
6386
6345
5852
5826
5842
5802
5793
5285
5302
5262
5251
5285
4758
4720
4708
4742
4709
4176
4167
4199
4163
4145
3627
3206
3664
3620
3601
2666
2669
3120
3079
3062
2119
2124
2542
2101
2521
1579
1586
1558
1976
1546
Total Messages sent: 2500
Sum of Message Time: 1.2542708E7
Average Message Receive time: 5.02 seconds
